-41085449

6402779357

909090914909090914909090895909091000909090007909099998909000004909999998900000001999999998

-6443715147916

0

-128127143833182241

-2422456927999157158176150182192148757363

1681645642104160107104200122887281

36481624100140168136161258243188221222197156677049

777672576190080243360303600727504153566423754403181280457752073175201098088014483400186923602519224033423152419458625056188060704964732380348555294195726513105782518116194697124911092130338086132303173132690859131394780125586236116468839106490257950943228243116069065854559566574431845833828492244155091688030311108456693109041259832046859965575481933159891
