1: 8 9 14 16 22 23 27 29 30 38 41 42 47 50 71 72 75 76 93 97 
2: 4 8 11 21 23 25 33 37 38 55 57 61 69 72 76 85 93 94 95 
3: 8 12 14 16 20 26 27 34 40 44 46 50 51 53 54 56 61 66 71 77 79 83 88 94 
4: 2 14 15 16 17 20 25 32 42 46 52 54 55 61 70 71 82 89 96 
5: 9 10 17 18 21 23 26 34 37 42 44 47 49 60 62 72 76 79 87 93 94 99 
6: 7 10 19 27 30 33 36 37 39 43 51 64 75 78 80 81 
7: 6 8 9 12 20 26 32 34 37 41 43 47 61 66 68 74 80 82 88 92 100 
8: 1 2 3 7 10 13 26 28 30 42 43 55 59 61 64 66 68 72 73 74 76 80 83 88 92 94 97 98 
9: 1 5 7 14 17 21 22 30 38 43 46 48 49 66 67 68 75 80 98 100 
10: 5 6 8 11 12 21 24 26 35 36 37 47 49 51 54 61 70 73 74 77 83 86 88 94 
11: 2 10 22 35 37 43 52 53 61 66 68 69 83 84 89 91 99 
12: 3 7 10 18 19 21 23 25 26 32 33 34 37 42 49 52 56 63 69 70 72 93 96 
13: 8 17 21 22 25 38 43 44 52 56 58 61 64 70 73 74 87 88 95 96 97 
14: 1 3 4 9 19 21 30 33 34 36 46 49 51 55 57 60 63 68 70 76 77 84 91 92 94 
15: 4 17 20 21 36 38 42 55 64 67 68 71 75 79 82 87 90 91 93 97 
16: 1 3 4 17 24 27 34 37 40 51 52 58 59 61 63 67 74 76 78 82 86 100 
17: 4 5 9 13 15 16 21 25 28 30 34 40 56 58 63 68 71 80 81 87 90 94 95 99 100 
18: 5 12 19 23 28 30 32 33 36 40 42 46 50 51 55 56 65 67 70 85 89 90 97 98 
19: 6 12 14 18 24 30 34 38 40 43 47 51 52 54 59 60 62 69 77 84 85 93 96 100 
20: 3 4 7 15 22 24 25 27 28 29 35 39 40 42 44 46 54 56 58 66 71 97 99 
21: 2 5 9 10 12 13 14 15 17 24 27 29 38 42 51 53 58 59 63 64 67 69 71 74 77 78 81 89 92 
22: 1 9 11 13 20 40 41 62 67 75 84 86 91 92 94 
23: 1 2 5 12 18 27 44 51 58 59 62 67 73 91 100 
24: 10 16 19 20 21 25 31 47 53 56 58 63 65 66 
25: 2 4 12 13 17 20 24 26 28 34 42 44 57 58 59 61 63 68 73 86 87 89 91 94 97 
26: 3 5 7 8 10 12 25 27 34 42 43 53 60 65 66 70 80 81 83 84 94 
27: 1 3 6 16 20 21 23 26 28 38 40 44 50 57 62 72 73 81 82 86 88 90 92 93 95 
28: 8 17 18 20 25 27 36 38 54 60 63 80 93 97 100 
29: 1 20 21 33 37 39 42 44 45 46 51 55 56 60 70 73 85 87 89 91 
30: 1 6 8 9 14 17 18 19 34 35 41 44 45 47 49 51 69 70 74 83 85 89 92 95 
31: 24 32 43 44 45 48 54 57 59 62 63 64 65 68 76 96 97 
32: 4 7 12 18 31 33 34 41 49 55 56 59 63 68 70 73 78 95 
33: 2 6 12 14 18 29 32 55 56 58 59 60 61 62 74 79 81 86 88 89 92 94 96 
34: 3 5 7 12 14 16 17 19 25 26 30 32 39 51 54 55 56 59 61 66 86 97 
35: 10 11 20 30 36 43 45 56 58 67 69 71 78 95 
36: 6 10 14 15 18 28 35 37 46 47 50 51 61 71 77 78 96 97 98 99 
37: 2 5 6 7 10 11 12 16 29 36 39 40 44 45 46 48 56 68 70 76 78 83 89 98 99 
38: 1 2 9 13 15 19 21 27 28 39 49 53 58 66 71 75 79 85 86 92 94 97 99 
39: 6 20 29 34 37 38 44 56 64 68 70 71 73 82 92 
40: 3 16 17 18 19 20 22 27 37 44 51 52 54 57 58 64 70 81 91 95 96 
41: 1 7 22 30 32 43 52 53 54 57 61 82 84 85 90 91 92 99 
42: 1 4 5 8 12 15 18 20 21 25 26 29 51 56 73 75 88 95 
43: 6 7 8 9 11 13 19 26 31 35 41 46 48 51 59 70 71 80 81 84 85 87 88 89 93 94 
44: 3 5 13 20 23 25 27 29 30 31 37 39 40 46 50 63 65 71 73 84 87 88 90 91 96 98 99 
45: 29 30 31 35 37 48 54 60 62 65 66 69 77 79 81 83 84 89 94 95 97 99 
46: 3 4 9 14 18 20 29 36 37 43 44 51 59 64 65 66 67 71 81 83 96 97 100 
47: 1 5 7 10 19 24 30 36 52 57 58 65 75 81 83 94 97 
48: 9 31 37 43 45 69 70 83 87 
49: 5 9 10 12 14 30 32 38 51 55 56 57 58 60 84 87 88 90 91 99 100 
50: 1 3 18 27 36 44 53 57 68 95 96 
51: 3 6 10 14 16 18 19 21 23 29 30 34 36 40 42 43 46 49 52 53 72 88 91 95 97 99 
52: 4 11 12 13 16 19 40 41 47 51 57 62 64 67 70 71 74 80 82 83 86 89 91 97 
53: 3 11 21 24 26 38 41 50 51 55 71 75 76 83 91 94 97 
54: 3 4 10 19 20 28 31 34 40 41 45 57 58 60 69 71 76 78 79 85 89 93 100 
55: 2 4 8 14 15 18 29 32 33 34 49 53 59 64 65 70 80 86 93 98 
56: 3 12 13 17 18 20 24 29 32 33 34 35 37 39 42 49 67 79 81 87 90 91 97 
57: 2 14 25 27 31 40 41 47 49 50 52 54 61 63 71 81 86 87 88 95 100 
58: 13 16 17 20 21 23 24 25 33 35 38 40 47 49 54 60 68 69 71 78 91 98 
59: 8 16 19 21 23 25 31 32 33 34 43 46 55 64 74 78 93 99 
60: 5 14 19 26 28 29 33 45 49 54 58 61 66 90 97 100 
61: 2 3 4 7 8 10 11 13 16 25 33 34 36 41 57 60 67 75 80 89 90 91 
62: 5 19 22 23 27 31 33 45 52 68 71 81 88 91 93 94 97 
63: 12 14 16 17 21 24 25 28 31 32 44 57 65 78 87 89 92 95 99 
64: 6 8